[array([0.999999, 0.999999]), array([0.565656, 0.999999]), array([9.99999e-01, 1.00000e-06, 6.66666e-01]), array([5.55555e-01, 9.99999e-01, 9.99999e-01, 1.00000e-06]), array([0.214286, 0.928571, 0.857142, 0.928571]), array([0.333334, 0.222223, 0.555555, 0.999999, 0.222223]), array([1.00000e-06, 4.54546e-01, 1.81819e-01, 1.81819e-01, 3.63637e-01,
       7.27272e-01]), array([2.00001e-01, 9.99999e-01, 2.00001e-01, 1.00000e-06, 4.00000e-01,
       4.00000e-01, 6.00000e-01, 2.00001e-01])]
[array([1.e-06, 1.e-06]), array([0.666666, 0.282829]), array([1.00000e-06, 9.52380e-01, 7.14285e-01]), array([1.00000e-06, 9.99999e-01, 9.99999e-01, 3.33334e-01]), array([0.357143, 0.999999, 0.999999, 0.999999]), array([2.22223e-01, 4.44445e-01, 8.88888e-01, 1.00000e-06, 8.88888e-01]), array([1.00000e-06, 5.45454e-01, 1.81819e-01, 1.81819e-01, 4.54546e-01,
       7.27272e-01]), array([0.4, 0.4, 0.4, 0.4, 0.4, 0.6, 0.4, 0.6])]
[array([9.99999e-01, 1.00000e-06]), array([0.818181, 0.19192 ]), array([9.99999e-01, 9.99999e-01, 1.00000e-06]), array([9.99999e-01, 1.00000e-06, 9.99999e-01, 9.99999e-01]), array([0.642857, 0.999999, 0.999999, 0.999999]), array([1.11112e-01, 1.00000e-06, 9.99999e-01, 2.22223e-01, 4.44445e-01]), array([1.00000e-06, 4.54546e-01, 1.81819e-01, 2.72728e-01, 3.63637e-01,
       7.27272e-01]), array([0.4, 0.6, 0.6, 0.4, 0.6, 0.4, 0.6, 0.4])]
[array([6.76767e-01, 1.00000e-06]), array([5.55555e-01, 1.00000e-06]), array([0.999999, 0.999999, 0.999999]), array([9.99999e-01, 3.33334e-01, 1.00000e-06, 1.00000e-06]), array([0.571428, 0.999999, 0.999999, 0.999999]), array([4.44445e-01, 2.22223e-01, 1.00000e-06, 3.33334e-01, 5.55555e-01]), array([1.00000e-06, 4.54546e-01, 2.72728e-01, 2.72728e-01, 3.63637e-01,
       7.27272e-01]), array([2.00001e-01, 1.00000e-06, 2.00001e-01, 4.00000e-01, 4.00000e-01,
       4.00000e-01, 6.00000e-01, 6.00000e-01])]
[array([0.404041, 0.464647]), array([0.575757, 0.464647]), array([4.76191e-01, 1.00000e-06, 6.66666e-01]), array([1.00000e-06, 4.44445e-01, 9.99999e-01, 1.00000e-06]), array([0.002248, 0.918403, 0.327885, 0.576443]), array([7.77777e-01, 8.88888e-01, 1.00000e-06, 8.88888e-01, 5.55555e-01]), array([0.432471, 0.372321, 0.658248, 0.595933, 0.985597, 0.735825]), array([0.4     , 0.799999, 0.4     , 0.200001, 0.6     , 0.799999,
       0.4     , 0.200001])]
[array([0.916938, 0.546605]), array([0.172728, 0.625087]), array([0.836633, 0.508175, 0.764293]), array([0.686251, 0.581832, 0.802044, 0.942842]), array([0.296978, 0.785377, 0.461934, 0.506251]), array([0.313969, 0.612879, 0.60246 , 0.078438, 0.018206]), array([0.96976 , 0.890493, 0.698115, 0.286386, 0.863764, 0.191522]), array([0.284241, 0.076626, 0.246244, 0.983198, 0.886941, 0.416082,
       0.698986, 0.319517])]
[array([0.33732 , 0.803721]), array([0.035317, 0.143501]), array([0.52816 , 0.089153, 0.314187]), array([0.498946, 0.631653, 0.064382, 0.703085]), array([0.30438 , 0.794884, 0.703777, 0.527533]), array([0.25828 , 0.960455, 0.814728, 0.015657, 0.807083]), array([0.297613, 0.320225, 0.633863, 0.195147, 0.708177, 0.800457]), array([0.44321 , 0.001184, 0.284185, 0.125349, 0.885792, 0.438938,
       0.694942, 0.398397])]
[array([0.821408, 0.48943 ]), array([0.866822, 0.467368]), array([0.739387, 0.946033, 0.127265]), array([0.612092, 0.521094, 0.846334, 0.59285 ]), array([0.340602, 0.468188, 0.215482, 0.057198]), array([0.895337, 0.523503, 0.56731 , 0.976248, 0.934447]), array([0.376744, 0.150298, 0.615345, 0.709218, 0.155723, 0.438139]), array([0.844644, 0.836779, 0.867347, 0.430483, 0.10083 , 0.81191 ,
       0.68335 , 0.984968])]
[array([0.628667, 0.069425]), array([0.119428, 0.950321]), array([0.541061, 0.005011, 0.935186]), array([0.138491, 0.061315, 0.495357, 0.456204]), array([0.648155, 0.02451 , 0.927427, 0.922283]), array([0.929305, 0.568743, 0.873885, 0.765898, 0.887289]), array([0.870438, 0.585604, 0.527818, 0.437121, 0.914961, 0.723941]), array([0.620648, 0.117572, 0.606132, 0.198699, 0.543476, 0.168107,
       0.995336, 0.911855])]
[array([0.191025, 0.710641]), array([0.263265, 0.651415]), array([0.717721, 0.976631, 0.35253 ]), array([0.686251, 0.581832, 0.802044, 0.942842]), array([0.002248, 0.918403, 0.327885, 0.576443]), array([0.270806, 0.790142, 0.392765, 0.17328 , 0.679558]), array([0.227203, 0.065474, 0.181823, 0.590944, 0.775808, 0.190392]), array([0.998394, 0.638703, 0.509875, 0.155884, 0.408336, 0.252621,
       0.873167, 0.325121])]
[array([1.00000e-06, 9.99999e-01]), array([0.999999, 0.525252]), array([0.428572, 0.999999, 0.999999]), array([1.00000e-06, 3.33334e-01, 9.99999e-01, 9.99999e-01]), array([0.999999, 0.999999, 0.999999, 0.999999]), array([0.555555, 0.333334, 0.777777, 0.666666, 0.999999]), array([1.00000e-06, 4.54546e-01, 2.72728e-01, 2.72728e-01, 3.63637e-01,
       8.18181e-01]), array([0.200001, 0.200001, 0.4     , 0.6     , 0.6     , 0.4     ,
       0.6     , 0.4     ])]
[array([1.00000e-06, 9.99999e-01]), array([0.999999, 0.525252]), array([0.428572, 0.999999, 0.999999]), array([1.00000e-06, 3.33334e-01, 9.99999e-01, 9.99999e-01]), array([0.999999, 0.999999, 0.999999, 0.999999]), array([0.555555, 0.333334, 0.777777, 0.666666, 0.999999]), array([1.00000e-06, 4.54546e-01, 2.72728e-01, 2.72728e-01, 3.63637e-01,
       8.18181e-01]), array([0.200001, 0.200001, 0.4     , 0.6     , 0.6     , 0.4     ,
       0.6     , 0.4     ])]
[array([0.60606 , 0.333334]), array([0.848484, 0.979797]), array([1.e-06, 1.e-06, 1.e-06]), array([1.00000e-06, 9.99999e-01, 9.99999e-01, 9.99999e-01]), array([0.805227, 0.915479, 0.731749, 0.391809]), array([2.22223e-01, 2.22223e-01, 3.33334e-01, 4.44445e-01, 1.00000e-06]), array([1.00000e-06, 5.45454e-01, 2.72728e-01, 2.72728e-01, 3.63637e-01,
       7.27272e-01]), array([0.200001, 0.200001, 0.200001, 0.200001, 0.4     , 0.799999,
       0.6     , 0.799999])]
[array([0.68, 0.65]), array([0.84899, 0.4    ]), array([0.428572, 0.380953, 0.523809]), array([0.412421, 0.431277, 0.455945, 0.361615]), array([0.925155, 0.969496, 0.887572, 0.971108]), array([0.305556, 0.172223, 0.549999, 0.994443, 0.23889 ]), array([0.875994, 0.624493, 0.555596, 0.431565, 0.887183, 0.76283 ]), array([0.313694, 0.283413, 0.125382, 0.34428 , 0.764578, 0.503261,
       0.30493 , 0.402976])]
[array([0.354041, 0.414647]), array([0.892412, 0.488101]), array([0.378572, 0.330953, 0.488095]), array([0.429088, 0.436833, 0.417056, 0.411615]), array([0.998894, 0.997033, 0.99834 , 0.960935]), array([0.411469, 0.489454, 0.319614, 0.947089, 0.071296]), array([0.909327, 0.580048, 0.511151, 0.47601 , 0.864961, 0.76283 ]), array([0.234202, 0.439046, 0.122622, 0.089254, 0.640508, 0.587319,
       0.063396, 0.433638])]
[array([0.304041, 0.364647]), array([0.816822, 0.477974]), array([0.407143, 0.378572, 0.52619 ]), array([0.333334, 0.333334, 0.333334, 0.444445]), array([0.995291, 0.999037, 0.998216, 0.99881 ]), array([1.00000e-06, 1.00000e-06, 9.99999e-01, 9.99999e-01, 1.00000e-06]), array([0.909327, 0.557826, 0.511151, 0.431565, 0.864961, 0.76283 ]), array([0.283694, 0.313413, 0.135382, 0.29428 , 0.734578, 0.513261,
       0.27493 , 0.412976])]
[array([0.712828, 0.657576]), array([0.866317, 0.466863]), array([0.478572, 0.330953, 0.473809]), array([0.412421, 0.431277, 0.400389, 0.417171]), array([0.999818, 0.991897, 0.998704, 0.996063]), array([0.382714, 0.266065, 0.591012, 0.956831, 0.176849]), array([0.898216, 0.613382, 0.577818, 0.47601 , 0.898294, 0.707274]), array([0.233694, 0.263413, 0.165382, 0.26428 , 0.704578, 0.543261,
       0.24493 , 0.382976])]